0
0
0
0
0
0
0
0
0
1
0
0
0
0
0
0
0
2
0
0
0
0
0
0
0
3
0
0
0
0
0
0
0
0
0
0
0
0
0
0
0
4
0
0
0
0
0
0
0
5
0
0
0
0
0
0
0
1
0
0
0
0
0
0
0
b
c
0
0
d
e
0
0
2
0
0
0
3
0
0
0
4
0
0
0
5
0
0
0
1
0
0
0
2
0
3
0
0
0
0
0
0
0
0
0
4
0
0
0
5
0
0
0
1
0
0
0
2
0
0
0
3
0
6
0
4
0
7
0
5
0
8
0
0
0
0
0
1
0
0
0
9
0
0
0
0
0
0
0
6
0
0
0
2
0
0
0
7
0
0
0
0
0
0
0
8
0
0
0
3
0
0
0
4
0
0
0
5
0
0
0
0
0
0
0
1
0
0
0
2
0
0
0
3
0
0
0
0
0
0
0
4
0
0
0
5
0
0
0
1
0
0
0
2
0
0
0
b
0
10
0
c
0
11
0
d
0
0
e
0
0
0
0
0
0
3
0
4
0
5
0
0
0
1
0
2
0
3
0
4
0
5
0
6
0
1
0
7
0
2
0
0
0
0
0
0
0
3
0
4
0
5
0
0
0
0
0
0
0
1
0
2
0
0
0
8
0
0
0
3
0
9
0
4
0
0
0
0
0
5
0
1
0
2
0
0
0
3
0
4
0
5
0
1
0
2
0
6
0
3
0
7
0
4
0
0
0
0
0
0
0
5
0
1
0
2
0
0
0
0
0
0
0
3
0
4
0
0
0
8
0
0
0
5
0
9
0
1
0
0
0
0
0
2
0
3
0
0
0
4
0
0
0
6
0
0
0
0
0
5
0
1
0
0
0
2
0
0
0
7
0
0
0
0
0
3
0
4
0
0
0
b
0
0
0
0
0
0
0